0.468886
0.409169
0.357071
0.311619
0.271965
0.237367
0.207181
0.180843
0.157861
0.137808
0.120309
0.105039
0.0917136
0.080084
0.0699342
0.0610756
0.0533435
0.0465943
0.0407028
0.0355596
0.0310695
0.0271493
0.0237264
0.0207375
0.0181274
0.015848
0.0138571
0.0121181
0.0105989
0.00927175
0.00811214
0.00709885
0.00621331
0.00543932
0.00476275
0.00417126
0.00365407
0.00320179
0.00280621
0.00246017
0.00215741
0.00189248
0.00166059
0.0014576
0.00127986
0.0011242
0.000987841
0.000868367
0.000763659
0.000671869
0.00059138
0.00052078
0.000458837
0.000404472
0.000356741
0.000314821
0.000277992
0.000245622
0.000217161
0.000192126
0.000170096
0.000150701
0.000133619
0.000118566
0.000105294
9.35873e-05
8.3255e-05
7.41308e-05
6.60687e-05
5.89408e-05
5.2635e-05
4.70528e-05
4.21079e-05
3.77245e-05
3.38361e-05
3.03842e-05
2.73176e-05
2.45911e-05
2.21651e-05
2.00046e-05
1.80791e-05
1.63613e-05
1.48277e-05
1.34571e-05
1.22311e-05
1.11334e-05
1.01497e-05
9.2672e-06
8.47469e-06
7.76229e-06
7.12121e-06
6.54371e-06
6.02291e-06
5.55272e-06
5.12776e-06
4.74323e-06
4.39489e-06
4.07896e-06
3.79209e-06
3.53129e-06
3.29391e-06
3.07757e-06
2.88018e-06
2.69983e-06
2.53486e-06
2.38376e-06
2.24519e-06
2.11793e-06
2.00092e-06
1.89319e-06
1.79386e-06
1.70217e-06
1.61741e-06
1.53894e-06
1.46622e-06
1.39871e-06
1.33597e-06
1.27758e-06
1.22316e-06
1.17237e-06
1.1249e-06
1.08049e-06
1.03886e-06
9.99803e-07
9.63103e-07
9.28573e-07
8.9604e-07
8.6535e-07
8.3636e-07
8.0894e-07
7.82972e-07
7.5835e-07
7.34973e-07
7.12752e-07
6.91606e-07
6.71457e-07
6.52238e-07
6.33885e-07
6.1634e-07
5.99549e-07
5.83463e-07
5.68037e-07
5.5323e-07
5.39004e-07
5.25322e-07
5.12153e-07
4.99467e-07
4.87235e-07
4.75432e-07
4.64034e-07
4.5302e-07
4.42369e-07
4.32061e-07
4.2208e-07
4.12408e-07
4.03032e-07
3.93936e-07
3.85107e-07
3.76534e-07
3.68204e-07
3.60107e-07
3.52233e-07
3.44573e-07
3.37117e-07
3.29858e-07
3.22787e-07
3.15897e-07
3.09182e-07
3.02635e-07
2.9625e-07
2.90021e-07
2.83943e-07
2.78011e-07
2.72219e-07
2.66563e-07
2.61039e-07
2.55643e-07
2.5037e-07
2.45218e-07
2.40181e-07
2.35258e-07
2.30444e-07
2.25737e-07
2.21133e-07
2.1663e-07
2.12225e-07
2.07915e-07
2.03699e-07
1.99572e-07
1.95534e-07
1.91582e-07
1.87713e-07
1.83926e-07
1.80219e-07
1.7659e-07
1.73036e-07
1.69557e-07
1.66149e-07
1.62813e-07
1.59545e-07
1.56345e-07
1.53211e-07
1.50141e-07
1.47134e-07
1.44189e-07
1.41304e-07
1.38477e-07
1.35709e-07
1.32996e-07
1.30339e-07
1.27735e-07
1.25185e-07
1.22686e-07
1.20237e-07
1.17838e-07
1.15488e-07
1.13184e-07
1.10927e-07
1.08716e-07
1.06549e-07
1.04426e-07
1.02345e-07
1.00306e-07
9.83079e-08
9.63499e-08
9.44311e-08
9.25508e-08
9.07081e-08
8.89022e-08
8.71325e-08
8.53982e-08
8.36986e-08
8.20329e-08
8.04005e-08
7.88007e-08
7.72328e-08
7.56962e-08
7.41903e-08
7.27144e-08
7.1268e-08
6.98504e-08
6.8461e-08
6.70994e-08
6.57649e-08
6.4457e-08
6.31751e-08
6.19188e-08
6.06875e-08
5.94807e-08
5.8298e-08
5.71388e-08
5.60027e-08
5.48892e-08
5.37978e-08
5.27282e-08
5.16799e-08
5.06524e-08
4.96454e-08
4.86584e-08
4.76911e-08
4.6743e-08
4.58137e-08
4.49029e-08
4.40103e-08
4.31354e-08
4.22779e-08
4.14375e-08
4.06138e-08
3.98065e-08
3.90152e-08
3.82396e-08
3.74795e-08
3.67345e-08
3.60043e-08
3.52886e-08
3.45872e-08
3.38997e-08
3.32258e-08
3.25654e-08
3.19181e-08
3.12837e-08
3.06619e-08
3.00524e-08
2.94551e-08
2.88696e-08
2.82958e-08
2.77333e-08
2.71821e-08
2.66418e-08
2.61123e-08
2.55933e-08
2.50846e-08
2.4586e-08
2.40973e-08
2.36183e-08
2.31489e-08
2.26888e-08
2.22378e-08
2.17958e-08
2.13626e-08
2.0938e-08
2.05218e-08
2.0114e-08
1.97142e-08
1.93223e-08
1.89383e-08
1.85619e-08
1.81929e-08
1.78313e-08
1.74769e-08
1.71296e-08
1.67891e-08
1.64554e-08
1.61283e-08
1.58078e-08
1.54936e-08
1.51856e-08
1.48838e-08
1.4588e-08
1.4298e-08
1.40139e-08
1.37353e-08
1.34623e-08
1.31947e-08
1.29325e-08
1.26754e-08
1.24235e-08
1.21766e-08
1.19346e-08
1.16974e-08
1.14649e-08
1.1237e-08
1.10137e-08
1.07948e-08
1.05802e-08
1.03699e-08
1.01638e-08
9.96179e-09
9.7638e-09
9.56973e-09
9.37953e-09
9.19311e-09
9.01039e-09
8.8313e-09
8.65577e-09
8.48373e-09
8.31511e-09
8.14985e-09
7.98786e-09
7.8291e-09
7.67349e-09
7.52098e-09
7.37149e-09
7.22498e-09
7.08138e-09
6.94063e-09
6.80268e-09
6.66747e-09
6.53495e-09
6.40507e-09
6.27776e-09
6.15299e-09
6.0307e-09
5.91083e-09
5.79335e-09
5.6782e-09
5.56535e-09
5.45473e-09
5.34632e-09
5.24005e-09
5.13591e-09
5.03383e-09
4.93378e-09
4.83571e-09
4.7396e-09
4.6454e-09
4.55307e-09
4.46257e-09
4.37388e-09
4.28694e-09
4.20174e-09
4.11823e-09
4.03637e-09
3.95615e-09
3.87752e-09
3.80045e-09
3.72491e-09
3.65088e-09
3.57832e-09
3.50719e-09
3.43749e-09
3.36916e-09
3.3022e-09
3.23657e-09
3.17224e-09
3.10919e-09
3.04739e-09
2.98682e-09
2.92746e-09
2.86927e-09
2.81224e-09
2.75635e-09
2.70157e-09
2.64787e-09
2.59524e-09
2.54366e-09
2.4931e-09
2.44355e-09
2.39498e-09
2.34738e-09
2.30073e-09
2.255e-09
2.21018e-09
2.16625e-09
2.1232e-09
2.081e-09
2.03963e-09
1.9991e-09
1.95936e-09
1.92042e-09
1.88225e-09
1.84484e-09
1.80817e-09
1.77223e-09
1.73701e-09
1.70248e-09
1.66865e-09
1.63548e-09
1.60298e-09
1.57112e-09
1.53989e-09
1.50928e-09
1.47928e-09
1.44988e-09
1.42107e-09
1.39282e-09
1.36514e-09
1.338e-09
1.31141e-09
1.28535e-09
1.2598e-09
1.23476e-09
1.21022e-09
1.18616e-09
1.16259e-09
1.13948e-09
1.11683e-09
1.09464e-09
1.07288e-09
1.05156e-09
1.03065e-09
1.01017e-09
9.90092e-10
9.70414e-10
9.51126e-10
9.32222e-10
9.13693e-10
8.95533e-10
8.77734e-10
8.60288e-10
8.4319e-10
8.26431e-10
8.10005e-10
7.93906e-10
7.78126e-10
7.62661e-10
7.47502e-10
7.32645e-10
7.18083e-10
7.03811e-10
6.89822e-10
6.76112e-10
6.62674e-10
6.49503e-10
6.36593e-10
6.23941e-10
6.1154e-10
5.99385e-10
5.87472e-10
5.75795e-10
5.64351e-10
5.53134e-10
5.4214e-10
5.31365e-10
5.20804e-10
5.10453e-10
5.00307e-10
4.90363e-10
4.80617e-10
4.71064e-10
4.61702e-10
4.52525e-10
4.43531e-10
4.34715e-10
4.26075e-10
4.17607e-10
4.09306e-10
4.01171e-10
3.93198e-10
3.85383e-10
3.77723e-10
3.70216e-10
3.62857e-10
3.55645e-10
3.48577e-10
3.41648e-10
3.34858e-10
3.28202e-10
3.21679e-10
3.15286e-10
3.09019e-10
3.02877e-10
2.96857e-10
2.90957e-10
2.85174e-10
2.79506e-10
2.73951e-10
2.68506e-10
2.63169e-10
2.57939e-10
2.52812e-10
2.47787e-10
2.42862e-10
2.38035e-10
2.33304e-10
2.28667e-10
2.24122e-10
2.19668e-10
2.15302e-10
2.11022e-10
2.06828e-10
2.02717e-10
1.98688e-10
1.94739e-10
1.90869e-10
1.87075e-10
1.83357e-10
1.79712e-10
1.7614e-10
1.7264e-10
1.69208e-10
1.65845e-10
1.62549e-10
1.59318e-10
1.56152e-10
1.53048e-10
1.50006e-10
1.47025e-10
1.44102e-10
1.41238e-10
1.38431e-10
1.3568e-10
1.32983e-10
1.3034e-10
1.27749e-10
1.2521e-10
1.22722e-10
1.20282e-10
1.17892e-10
1.15549e-10
1.13252e-10
1.11001e-10
1.08795e-10
1.06632e-10
1.04513e-10
1.02436e-10
1.004e-10
9.84043e-11
9.64485e-11
9.45315e-11
9.26526e-11
9.08111e-11
8.90062e-11
8.72371e-11
8.55032e-11
8.38038e-11
8.21382e-11
8.05056e-11
7.89055e-11
7.73372e-11
7.58001e-11
7.42935e-11
7.28169e-11
7.13696e-11
6.99511e-11
6.85608e-11
6.71981e-11
6.58625e-11
6.45534e-11
6.32704e-11
6.20129e-11
6.07803e-11
5.95723e-11
5.83882e-11
5.72277e-11
5.60903e-11
5.49755e-11
5.38828e-11
5.28119e-11
5.17622e-11
5.07334e-11
4.9725e-11
4.87367e-11
4.7768e-11
4.68186e-11
4.58881e-11
4.4976e-11
4.40821e-11
4.32059e-11
4.23472e-11
4.15055e-11
4.06806e-11
3.9872e-11
3.90795e-11
3.83028e-11
3.75415e-11
3.67954e-11
3.6064e-11
3.53472e-11
3.46447e-11
3.39561e-11
3.32812e-11
3.26197e-11
3.19714e-11
3.13359e-11
3.07131e-11
3.01027e-11
2.95044e-11
2.8918e-11
2.83432e-11
2.77799e-11
2.72277e-11
2.66865e-11
2.61561e-11
2.56363e-11
2.51267e-11
2.46273e-11
2.41378e-11
2.36581e-11
2.31879e-11
2.2727e-11
2.22753e-11
2.18325e-11
2.13986e-11
2.09733e-11
2.05564e-11
2.01479e-11
1.97474e-11
1.93549e-11
1.89702e-11
1.85932e-11
1.82236e-11
1.78614e-11
1.75064e-11
1.71585e-11
1.68174e-11
1.64832e-11
1.61556e-11
1.58345e-11
1.55198e-11
1.52113e-11
1.4909e-11
1.46126e-11
1.43222e-11
1.40375e-11
1.37585e-11
1.34851e-11
1.3217e-11
1.29544e-11
1.26969e-11
1.24445e-11
1.21972e-11
1.19547e-11
1.17171e-11
1.14843e-11
1.1256e-11
1.10323e-11
1.0813e-11
1.05981e-11
1.03874e-11
1.0181e-11
9.97864e-12
9.78031e-12
9.58592e-12
9.39539e-12
9.20865e-12
9.02563e-12
8.84624e-12
8.67041e-12
8.49808e-12
8.32918e-12
8.16363e-12
8.00137e-12
7.84234e-12
7.68647e-12
7.5337e-12
7.38396e-12
7.2372e-12
7.09336e-12
6.95237e-12
6.81419e-12
6.67875e-12
6.54601e-12
6.4159e-12
6.28838e-12
6.1634e-12
6.0409e-12
5.92083e-12
5.80315e-12
5.68781e-12
5.57476e-12
5.46396e-12
5.35536e-12
5.24892e-12
5.14459e-12
5.04234e-12
4.94212e-12
4.84389e-12
4.74762e-12
4.65326e-12
4.56077e-12
4.47012e-12
4.38128e-12
4.2942e-12
4.20885e-12
4.12519e-12
4.0432e-12
3.96284e-12
3.88408e-12
3.80688e-12
3.73121e-12
3.65706e-12
3.58437e-12
3.51313e-12
3.4433e-12
3.37486e-12
3.30779e-12
3.24204e-12
3.17761e-12
3.11445e-12
3.05255e-12
2.99188e-12
2.93241e-12
2.87413e-12
2.817e-12
2.76101e-12
2.70614e-12
2.65235e-12
2.59963e-12
2.54796e-12
2.49732e-12
2.44769e-12
2.39904e-12
2.35135e-12
2.30462e-12
2.25881e-12
2.21392e-12
2.16992e-12
2.12679e-12
2.08452e-12
2.04308e-12
2.00248e-12
1.96268e-12
1.92367e-12
1.88543e-12
1.84796e-12
1.81123e-12
1.77523e-12
1.73995e-12
1.70536e-12
1.67147e-12
1.63825e-12
1.60569e-12
1.57377e-12
1.54249e-12
1.51184e-12
1.48179e-12
1.45234e-12
1.42347e-12
1.39518e-12
1.36745e-12
1.34027e-12
1.31363e-12
1.28752e-12
1.26193e-12
1.23685e-12
1.21227e-12
1.18817e-12
1.16456e-12
1.14141e-12
1.11872e-12
1.09649e-12
1.07469e-12
1.05333e-12
1.0324e-12
1.01188e-12
9.91767e-13
9.72055e-13
9.52735e-13
9.33799e-13
9.15239e-13
8.97048e-13
8.79219e-13
8.61744e-13
8.44616e-13
8.27829e-13
8.11375e-13
7.95249e-13
7.79443e-13
7.63951e-13
7.48767e-13
7.33885e-13
7.19298e-13
7.05002e-13
6.90989e-13
6.77256e-13
6.63795e-13
6.50601e-13
6.3767e-13
6.24996e-13
6.12574e-13
6.00399e-13
5.88466e-13
5.76769e-13
5.65306e-13
5.5407e-13
5.43058e-13
5.32264e-13
5.21685e-13
5.11316e-13
5.01153e-13
4.91193e-13
4.8143e-13
4.71861e-13
4.62483e-13
4.53291e-13
4.44281e-13
4.35451e-13
4.26796e-13
4.18313e-13
4.09999e-13
4.0185e-13
3.93863e-13
3.86035e-13
3.78362e-13
3.70842e-13
3.63471e-13
3.56247e-13
3.49166e-13
3.42226e-13
3.35424e-13
3.28758e-13
3.22223e-13
3.15819e-13
3.09542e-13
3.0339e-13
2.9736e-13
2.91449e-13
2.85657e-13
2.79979e-13
2.74414e-13
2.6896e-13
2.63614e-13
2.58375e-13
2.5324e-13
2.48206e-13
2.43273e-13
2.38438e-13
2.33699e-13
2.29054e-13
2.24501e-13
2.20039e-13
2.15666e-13
2.11379e-13
2.07178e-13
2.0306e-13
1.99024e-13
1.95069e-13
1.91191e-13
1.87391e-13
1.83667e-13
1.80016e-13
1.76438e-13
1.72932e-13
1.69495e-13
1.66126e-13
1.62824e-13
1.59588e-13
1.56416e-13
1.53307e-13
1.5026e-13
1.47273e-13
1.44346e-13
1.41477e-13
1.38665e-13
1.35909e-13
1.33208e-13
1.3056e-13
1.27965e-13
1.25422e-13
1.22929e-13
1.20486e-13
1.18091e-13
1.15744e-13
1.13444e-13
1.11189e-13
1.08979e-13
1.06813e-13
1.0469e-13
1.02609e-13
1.0057e-13
9.85708e-14
9.66116e-14
9.46914e-14
9.28094e-14
9.09647e-14
8.91567e-14
8.73847e-14
8.56479e-14
8.39456e-14
8.22771e-14
8.06418e-14
7.9039e-14
7.7468e-14
7.59283e-14
7.44192e-14
7.29401e-14
7.14904e-14
7.00694e-14
6.86768e-14
6.73118e-14
6.59739e-14
6.46626e-14
6.33774e-14
6.21178e-14
6.08831e-14
5.96731e-14
5.8487e-14
5.73246e-14
5.61852e-14
5.50685e-14
5.3974e-14
5.29012e-14
5.18498e-14
5.08192e-14
4.98091e-14
4.88192e-14
4.78489e-14
4.68978e-14
4.59657e-14
4.50521e-14
4.41567e-14
4.3279e-14
4.24188e-14
4.15757e-14
4.07494e-14
3.99395e-14
3.91457e-14
3.83676e-14
3.7605e-14
3.68576e-14
3.6125e-14
3.5407e-14
3.47033e-14
3.40135e-14
3.33375e-14
3.26749e-14
3.20255e-14
3.1389e-14
3.07651e-14
3.01536e-14
2.95543e-14
2.89669e-14
2.83911e-14
2.78268e-14
2.72738e-14
2.67317e-14
2.62004e-14
2.56796e-14
2.51692e-14
2.4669e-14
2.41787e-14
2.36981e-14
2.32271e-14
2.27654e-14
2.2313e-14
2.18695e-14
2.14348e-14
2.10088e-14
2.05912e-14
2.0182e-14
1.97808e-14
1.93877e-14
1.90023e-14
1.86246e-14
1.82545e-14
1.78917e-14
1.7536e-14
1.71875e-14
1.68459e-14
1.65111e-14
